# T=0.9930024002024305 
 n_part=13425 
 n_ion=1041 
 n_solvent=11343 
 d0=0.4 d1=0.4 d=0.5 eps=10000 
 epsmax = 10000 
 box_l=12 
 lbj=1.39 
 volume_fraction=0.4699999999999999 
 rad = 0  
 shift = 0.25
