# T=1.0126289250817242 
 n_part=9636 
 n_ion=4818 
 n_solvent=0 
 d0=0.4 d1=0.4 d=0.4 eps=10000 
 epsmax = 10000 
 box_l=10 
 lbj=0.7 
 volume_fraction=0.32288615736130344 
 rad = 0  
 shift = 0.25
