# T=1.007398840625608 
 n_part=1204 
 n_ion=602 
 n_solvent=0 
 d0=0.4 d1=0.4 d=0.4 eps=10000 
 epsmax = 10000 
 box_l=10 
 lbj=0.93 
 volume_fraction=0.04036076967016293 
 rad = 0  
 shift = 0.25
