# T=0.9880402741109505 
 n_part=7226 
 n_ion=3613 
 n_solvent=0 
 d0=0.4 d1=0.4 d=0.4 eps=10000 
 epsmax = 10000 
 box_l=10 
 lbj=0.7 
 volume_fraction=0.24216461802097755 
 rad = 0  
 shift = 0.25
