# T=0.9959279042016008 
 n_part=13932 
 n_ion=1561 
 n_solvent=10810 
 d0=0.4 d1=0.4 d=0.5 eps=10000 
 epsmax = 10000 
 box_l=12 
 lbj=1.39 
 volume_fraction=0.4699999999999999 
 rad = 0  
 shift = 0.25
